,0,1
0,别争了  我才是最晚的一批[微笑],厌你心不誠
1,有没有跟我一样的 6月份才开始看,NK、南客
2,不知道有多少人，默默的等着广告！翻看着评论，而这一秒，你刚好看到我的评论！陌生人你好！祝你全家幸福！2023兔年事事如意！财源广进！愿大家往后一切顺利平安！,一撇一捺、默写人生〆
3,热度过了吗？我才开始追,刘惠子l
4,我现在无聊才想起来看看，我是最晚的这一批了嘛,诗于南笙
5,有没有人和我一样到现在一集也没看的，现在才准备追剧,💞💞  博～硕💗 💗
6,现在看剧，先看演员，看剧情，看评论，最后再决定看或不看，有一样的嘛，举个小手看看吧吧！这部剧好多老戏骨啊！这部剧期待值拉满啦！,翩然入君怀
7,我最晚！！！哈哈哈哈,文武双全高小妹
8,有没有人，7.19号看的呀，应该是最后一批吧[微笑],柳妹美
9,我应该是最晚的一批了吧，今天。才。准备看[应援],挨v吃v句VB
10,喜欢张颂文这个演员，演的太好了，好多年没看到这种水平的电视剧了，演员演技真的很棒，流量明星的戏完全不想看,海洋395
11,姐妹们，咋就是说热度都过去了，我才开始刷第一集,爱吃拉面の高堂夏岚
12,都别争了，我才是最晚的一批。[应援],鸭嘴兽—
13,有没有人和我一样 七月才看[捂脸笑],亓冖啊
14,支持张译，虽然不帅，但是演技封神[666][666][666],爱嗑糖的老太
15,有没有和我一样7月28开始看的[应援],老嗨又硬颈！
16,有没有和我一样五月才看的,1005471317
17,都别吵我才是最晚的一批,[ 有人@我 ]
18,从《鸡毛飞上天》中认识知道男主的，他饰演的陈江河，演技真的是太好了。还有他的《万里归途》……,奔跑在孤傲的路上😚😚
19,我才是最晚的  今天看第一集[微笑],消愁⭕⭕
20,有没有和我一样的4月才开始看[捂脸笑],彩虹战士~缘
21,我刚开始看，最晚的了吧[捂脸笑],一只小小小？
22,好开心，没有小鲜肉，都是老戏骨，[爱心][爱心][爱心][色][色][色][应援][应援][应援][666][666][666][大拇指][大拇指][大拇指],开心😁每一天☀
23,我才开始看，休假才舍得开会员[捂脸笑][捂脸笑][捂脸笑],大雄哦🍑
24,"我应该是最后一批了吧
",个性飞扬523
25,我才是最晚看的,小芋降临
26,何德何能，我能看到张译和张颂文同台飙戏！第一集就看到好多老戏骨啊，这是什么神仙阵容[色]无脑追了,瞌睡家jj
27,啥也别说了 我才是最晚追的,崔美璇
28,高考完了，来追了，我才是最晚的一批,the_eight＆ adam
29,是我最后开始看的吗[捂脸笑],咳咳，💦
30,怎么说，狂飙凭实力长时间霸榜第一，就是牛，现在还有那么多人在看[捂脸笑],天若有情天易老TT
31,我8月份才开始开,用户b95fd3e41ab00
32,有没有跟我一样的，现在刚开始第一集,好吧，我叫圆圆
33,终于知道为什么高启强后来那么厉害了，因为人善被人欺啊！,Jx无若
34,"看到张译，就知道这个片子可以看😍😍
",青尔er
35,刚刚看，没我晚吧,zjsbbzj
36,曾经的高启强是很多人的缩影，更容易让人产生共鸣，多少人申冤无门，所以这个角色让无数人同情和喜欢，当然犯罪还是不对的，所以我们尽量要秉公守法。,你这是搞事情呢
37,有和我一样来看第二遍的吗,世纪双赢
38,实力派演员，一个小奶狗没有[大拇指],喜欢骑马的王官乐珍
39,第一集[微笑]我相信没有人比我更晚了,用户5a4e64f3
40,"有没有刚开始追的，一起呀[捂脸笑]
",✔✔✔小丹999
41,感觉没有看够，现在来二刷，有二刷的吗？,微微笑111
42,看了 李一桐希望你这回让大家都看到你红[色],重加农炮
43,我是最晚的没意见吧,与终💓🙏Emily
44,我应该是最晚看狂飙的吧，还有没有没看过的一块追剧呀[色],小真真呀🐵
45,终于知道为什么对高启强恨不起来，其实，当时那个境地的他，无疑不是最好的出路与选择，如果换作其他人，应该也会那样选择吧,哼唧唧呀呀☀
46,从罪罚看完就一直在期待这部,～kaimi～
47,今天才有时间来看大嫂[666],玻璃心77
48,看到一句觉得好对，李响追求的是安心，安欣追求的是理想,黄慕一
49,有没有热度下去了现在才开始看的小伙伴[应援],爱爬山de呼延又晴
50,剧中全部都是老面孔，老戏骨，非常期待这部剧一定会大火。[应援][应援],奔跑在孤傲的路上😚😚
51,还有更晚的，还不一定能坚持看下去[捂脸笑],爱吃甜橙de纳兰珊珊
52,六月，放高考假开始看，不算晚吧[捂脸笑][捂脸笑],快快长高呐
53,有没有人和我一样现在才准备追剧,姜姜萌主
54,剧里好多老戏骨啊，一进来就有种稳了稳了，一定很有看头的感觉，开局就很猛很刺激，质感绝了,是个猪咪kk🐱
55,最晚的一批没人在了吧 现在开始第一集[应援][应援],2565206191
56,特意为了狂飙开的会员，真的喜欢张译，里面没有那种花里胡哨的流量明星，真好,陆心琪
57,有没有和我一样现在才看,云艺录我
58,主演阵容绝了啊，都是实力派演员，真的很喜欢这种类型的剧！希望是部高质量好剧！[色],是个猪咪kk🐱
59,没人比我更晚看把,9.04🏖
60,你们都差远了，我才是最后一批,你好阿李银河🎡
61,"还有比我晚的才来追这剧的吗？
",雨泽麻麻🍍523
62,我觉得这个强哥很有做老大的潜质啊。看他虽然开始怂的很但是能懂得利用安欣这个幌子借势立威，徐雷意外死亡这事儿也是慌了一下下立刻就恢复正常了，太稳了,林小林lin
63,来看第二遍,你🍓🍅吧。😄
64,我现在才开始看，还有人吗,11ybest
65,现在才看晚吗,微风嘻嘻细雨绵绵
66,这阵容绝对值得！！！张译老师就是王牌啊[大拇指],林秦皮皮丘
67,我才是最晚一批看的,“ıuƃuɐıxoɐɥoʍ”🙊
68,高考完来狂飙[应援][应援],刚才你们8794
69,#一句话告别狂飙#道路虽寒，但行正义，终得安心。[奋斗][奋斗][奋斗],翌宁爸爸👪819
70,目前看到11集，非常喜欢高启强这个角色，从老实鱼贩一步步黑化，亦正亦邪。他是一点一点走错路一步一步步入深渊，感觉普通人就应该是这样的。,用户7bb6dbd2
71,我应该就是末尾那批了吧，7.28,就吃一口安
72,你可以躲在角落里沉默，但是不要诋毁和嘲笑比你勇敢的人。因为他们争取到的光明也许会照耀到你。,动听😜❄
73,有没有跟我一样的，七月才来抽空看[捂脸笑][捂脸笑],我是偲偲偲偲啊
74,有张译必须看阿[色][色],Qᴜɪᴛ.--
75,刚开始看[捂脸笑],少女谢广坤。
76,有没有跟我一样的，一集没看呢[捂脸笑],良家子弟
77,最晚一批了，实在无聊才看的,往后眼里只有钱
78,第一集就出现好多老戏骨啊！！一言一行都是教科书啊！！这剧不会差了[应援][应援][应援],林秦皮皮丘
79,开始看第一集,江南小苗子
80,第三遍，主要别的真没啥看头，高启强[应援],爱打网球の夹谷沛凝
81,最晚的一批了 高考结束来看[呲牙],爱睡觉的圆圆.
82,一个干净的人并非不食人间烟火，不染世俗，而是内心深处有净土，思想背后有初心，坚守良知和道义，有所为有所不为。人最高级的炫耀是你这一生拒绝过什么，你能拒绝的东西里，藏着你不随波逐流的性格，和内心深处最不为人知的骄傲。,梦儿美梦
83,我才是最晚的,畅宝儿呀
84,都别吵，应该没人比我晚了，我现在刚看,爱吃蛋糕の尉迟靖琪
85,今天才开始看晚不晚啊[捂脸笑],仙人板板。🔥
86,刚看过张译的万里归途，知道我们不够看就又上映了一部张译的电视剧，狂飙，真不错,天若有情天易老TT
87,最晚的应该是我,ym拉姆
88,我今天才来看，最晚嘛？,@熙鸭鸭
89,有谁像我一样到7月才开始看的？,喜欢喝绿茶de尉迟怡和
90,要不是我一直在看，我都要以为吃饺子是这部剧的主线了呢。一带而过的镜头而已，啥也不影响。咋就这么大反应啊，满屏都是吃饺子，非要较真，咋不说说，跟那盒饺子一起送过去的那两个菜，是南方菜还是北方菜,as_np
91,我是最晚一批了吧～,👑喱
92,我才是最晚的,哈吖西桑
93,来了  7月开看,我很棒！耶
94,"光是看预告肾上腺素就在“狂飙”
这部剧也太敢拍了吧，藏尸、埋尸等诸多案件集合在一起真的太让人震撼了，这个预告片的尺度这么大，已经开始期待之后的剧情了
",青尔er
95,八月二号看的，还有比我更晚的吗？,甜啦啦啦啦啦啦啦啦💯
96,我是最晚的没意见吧，才开始第一集[狗头],喜欢吃螃蟹的上官瑾瑶
97,一集还没看的举手🙌,喜欢跨栏的公仲桂枫
98,你选择正义，我选择等你[爱心],幸运从一个好名字开始哈哈啦啦哗
99,是什么，让杨紫粉丝觉得他们家演技比狂飙牛的[捂脸笑],一只爱睡觉的傻狍子
100,还有比我更晚的吗？早就听说这个好看了，今天才有时间，冲冲冲冲！！！！,^_^✔君临天下^_^✔
101,才看  好看吗,莳悦0504
102,盲猜一波，孟德海是保护伞，刚开始是好的，但慢慢地被腐蚀。刀哥可能是警方安插在高启明身边的卧底，也有一种可能安欣现在所回忆的剧情只是误导指导组的，感觉到后面有很大的反转,鶄飞_
103,有没有人和我一样，抖音刷到孙子兵法的广告，又重新过来翻看的[应援][应援],开心最重要411
104,我才是最晚一批，我高考完才看！,木子KR
105,京海的天亮了，是用安欣的一头白发、和无数坚持底线的英雄换来的；再见安欣，再见李响，终于可以安心，忠于那美好的理想。,嗨Hedy
106,张译的年龄满四十减二十了，这是什么超能力，俺也想拥有！,瞌睡家jj
107,这剧好看吗，评分这么高,你叫什么名字呢☀
108,你们开通的会员是多少钱一个月,末未朱
109,才开始看是最晚的一批了么[捂脸笑],柠萌柠檬萌♬
110,第一集被抓的那个人，吃年夜饭情节把我给看哭了,～琪在芸端
111,刚开始看，都说好看，刚看第一集，按理来说从底层起来的不会是很坏，我会一直看下去的,旾玙丼槆殑诂奵
112,都别争了 我现在才看的[捂脸笑],雨后蔷薇RJL
113,我应该才是最后一个看的吧,Peter131
114,为什么李一桐演过那么多电视剧，而一点都没热度,你你你好好好💞
115,我现在才开始看。与很多人反的，不会在最热的时候追。,尺见
116,不知道有多少人，默默的等着广告！翻看着评论，而这一秒，你刚好看到我的评论！陌生人你好！祝你全家幸福！2023兔年事事如意！财源广进！愿大家往后一切顺利平安！,罗玛看爱奇艺
117,记录一下2023.4.1开始看狂飙,小郭儿🎉
118,《狂飙》这第一集就让人疯狂飚泪啊，张颂文老师教科书级的演技[大拇指],嘉嘉啦啦啦🍓
119,#狂飙剧评征集#我是不是最晚来看了，还是通过《消失的十一层》影评里来的，[666],Z🍀M🍄
120,有和我一样的吗？今天开始看,叮咚叮咚啦
121,因为热度第一点进来的，一度疑惑，这剧不是出来好久了嘛[捂脸笑],bee_u
122,看到这一段越看越心酸，生活也是这样，底层很多时候面对生活都显得那么卑微，眼泪多出来了唉！,原来你也在波波
123,还有比我晚的吗,哇咔哇咔5383
124,无聊了，来追来看看，没有比我还晚的吧[笑哭],黄小希
125,我才是最晚的一批，太无聊了来看看，都说好看[狗头],草莓啵啵🍓😍
126,有张颂文，张译的电视剧，不用看，必定追！！精湛的演技，超强的台词功底，从来不曾失望过,张曼玉～本玉
127,今天开始看，是不是要充会员才能看,静雪安晴
128,有没有现在开始第一集的[爱心],多么讽刺😚
129,2刷的集合了[大拇指][呲牙][爱心],涛欧巴😃
130,终于明白网友为什么都战队高启强了  战队反派     因为一开始的高启强就是我们底层生活的人      后面有机会肯定想往上爬        只能说他是对不起安欣,A刘小蕾l
131,有没有人跟我一样，八月份才看第一集,用户6905597c
132,到现在才看 哈哈哈哈哈哈哈哈哈,summer  D.
133,隔几天就要来刷一次张颂文老师，上瘾了[捂脸笑]第六遍开始,戒了辣
134,刚刚看完张泽演的电影《万里归途》又要看电视剧《狂飙》张泽的粉丝们幸福感爆棚了[爱心][爱心][爱心],温馨的老家
135,时间过了几个月，第五遍，再一次追剧狂飙，有没有一块的[呲牙],今生今世吧
136,我现在才开始看第一集 谁有我迟的[流泪][流泪],A郭大侠
137,有没有比我更晚看的[尴尬],没名称可用了啊
138,我做好人，所有人感觉我虚伪，说话不好听，我做坏人，说的虚伪的话所有人喜欢，人的本性可能不是坏的，而是现实逼迫的吧，生活给了你做坏人的机会，你才明白，生活也过好了,漸洐漸逺
139,我才是最晚的[微笑]在主页摆了这么久，刚来看,蕉太狼不吃青草蛋糕
140,现在才开始看,风情㎎
141,再看一遍,爺迷倒万千少女
142,从《士兵突击》就一直觉得张译很优秀的演员[大拇指],@张先生🍑
143,今天开始看第一集[应援]我才是最晚的,纯情小雯
144,真的很舍不得啊[大哭]狂飙求第二季[大哭][大哭],吃掉你噢.
145,有现在看的嘛[大拇指],遇见你开始Natalie
146,又找到一部我期待的悬疑片了，张译 张颂文 两个老戏骨互飙演技正邪对抗也太带感了吧！,戏江.⭐
147,过年前就听说很火了，现在才看第一集，可以我是最晚看的人。我倒要看看有多好看，为什么火！！！！,风中的落叶v
148,我才是最晚的一批,最酷的蛋
149,还有没看过的吗,清河Madison
150,张颂文演的太好了，那种可怜无助的语气和眼神。,K.N🌻
151,有没有人8月1号开始看的。我应该是最晚一个了。,136****9424_m1531
152,今天充了个会员，下载完了，但是感觉看不下去[捂脸笑]，多少年没看过电视剧了，一听到好几十集的那种就害怕,芊沐🌟
153,高考完才看[呲牙][呲牙],小宁崽汁QAQ
154,本北方人其实不是很关心剧中吃什么的问题。也不在意饺子和肠粉出现在一部剧里，虽然我这边能吃的肠粉的店也屈指可数。京海这个名字，有一种南北融合感。只要是虚构地名，那就是现代架空剧，爱用什么用什么，剧情合乎逻辑就可以。,Sthel_
155,no 我才是最晚的一批 8月份 我就问还有谁！！！[呲牙],sweethese
156,有没有高考生啊啊啊高考生刚开始看,Picf😍🍉
157,还有更晚的，我今天才开始看，这部剧好看么？,迷剧者🌻
158,有多少是受老爸影响喜欢看警匪片的呢[呲牙],天若有情天易老TT
159,徐纪周导演的作品永不磨灭的番号，秀才遇到兵，胭脂，特战荣耀，狂飙,花千骨8523
160,最后一批在这[微笑][微笑][微笑]才想起来看,abcdefg.vip
161,我才是最晚的，现在才开始第一集,放纵不羁_qq1198
162,就喜欢这样的电视剧，希望能多拍一些这样有社会正能量的电视剧！我为这部剧打10分……,有你我才快乐💓
163,今天才来看，不知道如何[应援][应援],用户8a8bf3d0
164,#狂飙剧评征集#高启强那么狠，也没想过杀安欣；高启强那么疯逼，也没想过杀安欣；唐小龙和唐小虎那么残忍，也没想过动安欣一个手指头；老默那么冷血，也没想过杀安欣。可是，那个声称最爱安欣的孟钰，居然想给安欣下毒！安欣可以放心吃高启强给的维生素，却不敢喝孟钰递过来的奶茶！深爱了二十年的孟钰转身嫁给了别人，而高启兰为了一碗饺子，苦等了安欣二十年，所以，到底什么是爱？,芩凌👏
165,我现在无聊才想起来看看，我是最晚的这一批了嘛,所有故事从后面开始
166,从一个卖鱼的变成一个企业家，让我想起了我们这边的一个从捡焦炭的变成一个知名企业家,薛之谦视频站
167,现在刷可以吗？,治潭
168,我才开始晚吗？,桑～沁
169,我今天才开始看，刚高考完[应援],coffee…🍭
170,"狂飙的质感真的太棒了吧
光是安欣2000-2006-2021三个不同阶段的状态，都精细到头发丝去设计
再加上张译的表演，能够让人一眼通过他的造型get到他的角色状态处境
",青尔er
171,有没有看完一遍又看一遍的,沙滩上的贝壳777
172,安欣卧底之前在2位局长面前表现的就是一位初出社会一腔热血、喜怒形于色、心气儿大于能力的年轻人，怎么一进入卧底角色到了地痞流氓堆里就能应对自如、毫无破绽、有如神助？这得是混迹多年的老江湖才有的能力吧，如果不是后台揭发，疯驴子就接纳了他，甚至干掉船上的大佬,在黑暗里起舞
173,我是第一个看这片的么,不粉了有点黑
174,张译演技拉满，一知道有张译，这部剧绝对值得看,芝士焗朱朱
175,才来看狂飙[捂脸笑]，还是成毅推荐的[色],糖糖小桃气
176,关于警衔的问题，感觉不大对啊，预告片里张颂文对张译说：“这么多年怎么才一毛二啊。”这警衔只是和警龄有关系啊，这里导演明显以为警衔和职务配套的，这种常识性错误让我觉得有点慌,这是薇仔小号
177,一副没看过的眼睛谁要[呲牙],城南的城北🏝
178,别人一般到了张译这身价是不会再轻易拍电视剧的！而张译是大屏幕小屏幕一样也落下啊,兜兜转转咸丰
179,今天现在7.28 凌晨3:57 才开始看第一集！不会有人和我一样也这么晚才吧,温...🏖
180,扮演高启强的演员是我第一次看到他的扮演，却实实在在让我感到他的表演是那么出众真实，这么出色的演员真难得哇！,古名大兵🤗
181,别争了 我最晚,小小_螃蟹
182,#说出你对剧情的猜测#挺好看的，安欣是肯定不会变坏的,是张不是脏🌈
183,我应该是最晚的了吧？,-七街城酒  （4.15）
184,你们的ViP都是哪来的？,爱马拉松の东门悦恺
185,#说出你对剧情的猜测#我猜李响没有违背良心，没变坏，他肯定是偷偷收集赵立冬犯罪证据，到时候交给安欣。开头没出现，可能他牺牲了…光头安和老孟两人若一定要有一个是内鬼，我觉得老孟更像……,OD小鲜肉
186,"一整个被吸引的大动作！
感觉会从两个小人物的21年的变化看到了好多变革
最令人震撼的不好的事物其实是隐藏在伪善表象之下的，又有新视角！",青尔er
187,张译的狂飙终于开场了，从九月等到现在[色],香茗烟雨
188,喜欢张译喜欢了十几年了,诸葛书蝶
189,你对狂飙的第一印象是？,年与糕
190,张译真的好适合演这种剧啊，一整个期待住了,芝士焗朱朱
191,再见了让网友们沸腾的《狂飙》好爱好爱又是不舍，一个嫌足了我的眼泪又感慨的良心剧[强]感谢所有参与的演职编导们，祝在创辉煌二度狂飙🙏 ,富婆宝贝儿💋
192,安欣是初出茅庐，但他有师傅带的，去做卧底之前会有最基本的培训，也会有卧底经验传授，师傅给他衣服里缝了刀片就是因为他们也有脑子的呀…而且选卧底抓阄的时候同事说自己不会说谎推脱不想去，也证明他们必须让卧底学会撒谎面不改色的嘛…,陈情一曲长歌洐
193,没会员看不了了[捂脸笑][捂脸笑],？昵称一下👏
194,有谁跟我一样 这么火的电视剧居然现在才开始看的,小河滩
195,这部剧要是有欧豪，可能会更热火,欢子茶语
196,看到26集的我:好痛，原来是被刀了[微笑],悪鬼。
197,期待了好久终于上线了[色]，这剧情也太让人期待和激动了吧哈哈哈，真的很敢拍，期待后面剧情[色],是个猪咪kk🐱
198,来了来了，狂飙，热血男儿，激情四射，兄弟们支愣起来[应援],天若有情天易老TT
199,开始刷新！！,泼墨小鸟
200,有李一桐毁全剧,哆拉咪发～～
201,还没看，有没有朋友透一下张译演的是好人还是坏人[捂脸笑][捂脸笑][捂脸笑],昵称已被使用啦™
202,真的太好看啦，2023春节档就是厉害,星星女孩的约定
203,知道高启强是黑社会，怎么也恨不起来，还特别喜欢他，我是不是不正常,爱吃甜食の相里淑然
204,张译应该试试反派，他饰演安欣没什么意思了，重生之门有了，他应该选高启强，说不定事业更上一层楼！,孙小袖
205,好剧，希望以后越来越多这样的剧。不需要流量小生，靠实力也可以有热度，被观众喜欢！[应援][应援][应援][应援][应援][应援],啊好甜呀
206,再看一遍，安欣从一个横冲直撞的青年变成现在这样小心翼翼的样子真的看得很心疼啊...,我的cp这边请👈🏻
207,要么就别放 放出来还改词遮遮掩掩的,阿杰啊哦
208,有没有跟我一样的，今天才来看,山的那边👏
209,终于不是千篇一律的靠八卦绯闻的流量小生了  实力派演员真的很顶！ ,哈哈哈哈哈，，，嗯
210,刚开始没看演员表，熟面孔越来越多，倒回去看了下演员表，这阵容就离谱[捂脸笑],执念丿w
211,妈呀，看了好几遍还是很心疼高启强[流泪],爱吃烤鱼的南宫巧兰
212,高启强之所以会走上不归路多少都和安欣的仁慈有点关系,兔子爱吃羅卜
213,谁知道这部电视剧一共多少集，我想等更新完再看,飞蛾扑火、必死无疑
214,这部剧有点东西诶，一二集都要会员诶[捂脸笑][捂脸笑],昭昭有礼
215,#狂飙剧评征集#剧情很精彩，跌宕起伏，扣人心弦，很好看👀,是张不是脏🌈
216,主要为了译哥而来，支持支持[应援][应援][应援][应援][应援][应援],小田不甜呀_
217,这是在哪个城市拍摄的？,铭田
218,有没有时间和我一样，现在才开始看[憨笑][憨笑][憨笑],匿名用户
219,梨桐终于和大神们合作了,1ing莫咯咯咯咯
220,我看了第一集就知道为什么很多人很同情高启强，就算他做了那么多坏事，最后大家都希望给他一个改过自新的机会[捂脸笑],陈静1314
221,就是冲着张译来的！男主头发都白了,车车777777
222,张译 从来不接综艺的好演员！！专心磨炼演技！人品杠杠的！《鸡毛飞上天》《万里归途》还有最经典的《士兵突击》 经过天安门的那段哭戏！封神了都！张译的作品必须支持,爱的春天华尔兹
223,一顿饺子暖人一辈子,叶子  4248
224,真不觉得多好看[微笑],南桥§
225,"“狂飙”，就像你的名字，收视率一路狂飙吧！
不错的好剧，演员都是实力派，剧中人物鲜明，双线交插，开局即王炸，吓的“心脏都停了”您说这水深不深，最后祝大家“新年快乐”“合家欢乐”“万事如意”“恭喜发财”“身体健康”最后动动您发财的小手，点个赞吧[爱心][爱心]",奈何落花去⭐
226,在座的各位都是VIP吧,只因你太美...😀
227,"本次话题活动圆满结束啦！按照互动数（点赞+回复）排名如下，恭喜以下用户抱走我们的奖品！

互动量排名前10的用户，获得爱奇艺的有：
1.风枫奉鳯
2.萌小奇_呵呵
3.OD小鲜肉
4.D2年
5.浮生与你x
6.鶄飞_
7.天若有情天易老TT
8.喜欢购物的宰父绍元
9.库库怡
10.嘘嘘这个夏天


领奖流程：私聊官方账号“评论小桃君”发送“领取奖品”即可领取。奖品将在7个工作日内陆续发放，请大家耐心等待。
❗注意：7天内未主动联系“评论小桃君”领取奖励，则视为放弃哦！

谢谢大家支持，希望大家能在这里收获开心！常来互动！
折叠#说出你对剧情的猜测#",评论小桃君
228,刷第二遍，太喜欢张颂文老师的演技了,樱花圣舞
229,刀哥，刀哥，太尴尬了[捂脸笑][捂脸笑],喜欢吃汉堡の叔仲布凡
230,"虽然追完剧好几天了，但是安欣还一直在我的脑海里,好心疼他，尤其一夜白发，那他一定是承担的太多了，张译老师的演技太棒了，代入感很强，真的推荐大家都看看看",幸福的味道924v
231,这剧不能看，才出了五集，看了等更新难受，不看吧心痒痒，造孽啊。,Вы шутите
232,安欣和孟钰是官配吗 有感情线吗请问[举手] ,迈一一
233,有没有看了四五遍的[色][色][色],曼珠沙华丶h
234,#一句话告别狂飙#我还刚来，怎么就一句话告别了[大哭],吸氧气的懂事
235,期待实力派演员们的一起飙戏[色]，看着过瘾[大拇指]，终于不用再弃剧了[捂脸笑],vida.刘
236,我就是看有张译，我才来的，喜欢看他演的电视。[大拇指][大拇指],rs5188
237,现在看是不是有点晚了？,匿名用户
238,哪有苏大强啊 什么眼神,爱喝汽水的公乘嘉禾
239,#狂飙剧评征集#全都是熟面孔，每个人都是演技在线，高启强的一步步黑化，从开始的被欺负只能默默忍受，再到后面一步步堕入黑暗，安欣初生牛犊不怕虎，与黑色势力的反抗，去当卧底等等，但都因为伞的问题而失败。剧情一环扣一环，很期待后面的内容。,小🍎曼nnnn
240,细节啊，回答问题手都在发抖[色],做咩啊☀
241,开始看第二遍,喂……请你等一下
242,共39集 还是45分钟 看的过瘾 本以为又是网剧看不过瘾，这个新年有的看了。只是更新连会员都要每周日太让人煎熬了。不过值得 开头音乐都肾上腺素狂飙！,亦亦或是如此
243,没有VIP的只能默默放弃了。或者一咬牙一跺脚，办它一个月的[捂脸笑],没V不让看
244,既然要杠就彻底把这话说清楚呗，大家过年的时候都吃什么呀，我们这边是很纯正的北方人，好像有些地方会吃元宵？,帅哥让我看看
245,一定要看完   太精彩了    四[捂脸笑]遍,传说美梦瑜洲
246,有没有和我一样，现在才看的,柴礼涛
247,看完狂飙，我该看啥呀？有推荐么？,永修鼻炎馆
248,"本次#狂飙剧评征集#话题活动圆满结束啦！按照互动数（点赞+回复）排名如下，恭喜以下用户抱走我们的奖品！

互动量排名前10的用户，获得爱奇艺黄金VIP月卡的有：
1、误~无~🌫️~悟
2、fool美丽2.0
3、香茗烟雨
4、欧巴思密达～😃
5、OD小鲜肉
6、Autism,
7、ALWAO
8、Casual-zeze
9、骆一锅R
10、用户bbc7f96418900


领奖流程：私聊官方账号“评论小桃君”发送“领取奖品”即可领取。奖品将在7个工作日内陆续发放，请大家耐心等待。
❗注意：7天内未主动联系“评论小桃君”领取奖励，则视为放弃哦！

谢谢大家支持，希望大家能在这里收获开心！常来互动#狂飙剧评征集#",评论小桃君
249,"#一句话告别狂飙#
再见狂飙，再见飙人！再见各位演员和工作人员们！谢谢你们的付出和努力让我19刷完了狂飙，讲真的刚开始讨论的人很少，后来慢慢火起来真的挺欣慰的，这么好看的剧它值！这部剧打破以往剧集传统，讲述""过程″是真的很不错！另外《狂飙》它打破了爱奇艺纪录，刷新了央八2023收视率，是真的6啊！感谢相遇，狂飙拜拜啦[应援]",阿辰💪Matthew
250,现在来看 是不是迟了[应援],闲人左老板✨
251,39集是吧  有删减是吧[微笑],?CSTG.💤
252,果然面还没见就能吓死个人，那水确实是有蛮浑的,鲜肉包
253,卧槽，震惊安长林好像是这部剧最大的受益者，细思极恐,我迷人小帅
254,小人物20年起伏人生，面对选择走向不同人生。全员演技在线[666][666][666],521的人
255,真的期待好久了啊，终于播了，很喜欢看警匪剧，而且这次阵容还这么强大,来自加菲星球的87
256,39 集的电视，每周更新 2 集，这是要放到夏天吗？,187****1670_m2543
257,#一句话告别狂飙#超级好康![色]，张译、张颂文演戏也好，贾冰好搞笑！还有迈克尔杰克驴！哈哈哈哈哈哈哈哈哈！[捂脸笑]笑死了，你知道躲在被窝里憋笑有多难吗?[微笑]而且安欣好可爱！孟钰和安欣意难平，响欣也好刀！安欣简直拿了大女主剧本，反派的白月光，进了局里都要找安欣。安欣真忙，忙的头发都白了。哎，走不出来，二刷啦！真不是我吹，墙裂推荐！不好看打我！不知不觉写了篇小作文，哈哈，最后，祝大家看剧愉快！我是迷雾！不要盗用！[微笑],:迷雾.🧁
258,拍摄地址是我老家[呲牙],asdsadsad_qq1979
259,现在才来看，我应该是最后的一批,郭惠燕_qq1829
260,安欣会变坏吧[捂脸笑],哇咔咔😀😀🌷
261,先看正能量演员演技，阵容，剧情格局，再看评论区，就决定是否追剧,初晨雨荷
262,喜欢张颂文，看着很精，其实很憨[大拇指],豆子和七万
263,23年4月30号12.49，第一次看狂飙[捂脸笑],yingzujian
264,值得开会员不,无心且勿扰。
265,这部剧我最喜欢李一彤，好漂亮好喜欢[应援][应援][应援],酷启强
266,今天才开始看   [捂脸笑] 大家都说好看,LUCKY  倩x
267,“安欣”是个好警察，但是在当时环境，如果没有后台，大家都懂，是个不错的好剧，演员都是实力派，剧中人物鲜明，双线交插，特别期待，安欣和高启强的对决，[应援][应援][应援][应援][应援][应援],奈何落花去⭐
268,感觉应该比较不错，央视看了这个角色还是挺丰富的,二哈孤寂
269,现在看剧，先看演员，看剧情，看评论，最后再决定看或不看，有一样的嘛，举个小手看看吧吧！[应援][应援],小🧸困了💤
270,此电视剧拍的一踏湖涂，没有什么看头，太假,only6💞
271,支持支持,郭蕉
272,这结局就这样？高启强怎么解决的都没有。核褪,小志超爱看电影
273,张译的重生之门也很好看呢,夏雪儿✌
274,有没有人和我一样才开始追这部剧的[呲牙],ye耶髮23
275,有没有和我一样，早就听说今天才来追剧的[捂脸笑][捂脸笑][捂脸笑],陈争光82
276,没有水军的讨论区好清新[应援],美丽而苍凉的手势
277,一看这么多老戏骨，就应该是部不错的剧,独佳美衣轻奢穿搭
278,上来就更新五集，这太爽了吧[色],小木盒
279,今天第三遍来刷，有没有同道之人的 请举手🙋,爱吃牛排的侍其灵松
280,真的好看吗，我觉得一般般,亚¹囗魚干
281,#狂飙剧评征集#剧情引人入胜 层层嵌套 大晚上的看了睡不着觉 特别想知道后面的剧情 每位老戏骨的演技也很在线 老戏骨同台 更精彩了 聚焦最近的热门话题 很有吸引性 期待后面的剧情,烂橘子zz
282,有没有二刷的,爱的二八😘
283,[色]有没有小伙伴和我一样看完九集和预告来重看第一集对号的[应援],苦艾酒0958463
284,我才看，我才是最晚的一批,喜欢吃香肠の梁丘子宁
285,今天开始刷第二遍[捂脸笑],喜欢跳高の东里庄雅
286,看着好心酸，高启强哭的这一刻，眼泪也掉下来了,彩虹战士~缘
287,达康书记，季检察长，高育良都来京海打黑啦[doge] ,迈一一
288,刚看第一集[捂脸笑][捂脸笑][捂脸笑]是不是有点晚,无业游民者
289,今天刚刚看，最晚的我还没有会员，看了一百多分钟广告。[捂脸笑],爱购物の即墨修敏
290,这个剧有bug吧，开局21年刀哥那段时间冲突，21年刀哥张小龙应该在监狱待着，怎么可能在喝酒,后来向上
291,这弟弟不靠谱，非得在每一个眼神都直接告诉观众吗？从第一场戏开始~都哪找的演员，都谁教出来的演技啊！,梅布莱多纳多
292,张译真是纯纯影帝 演了多少电影电视剧 为人还谦虚 我为你点赞[大拇指][大拇指][大拇指],路飞就是要成为海贼王
293,我现在才看   是最后一批了吧,日常追剧！😆
294,不办理会员从哪里看？？？,哎呀妈爱
295,羡慕吧，都更新完了我刚开始看[应援],猪儿虫！🌈
296,全是老戏骨[大拇指]终于有剧可追了,平洛丽达娜隼
297,五月才开始看的有木有[呲牙],会炒菜的木吉他
298,我现在才开始看，没有人和我一样[应援][应援],抱着鱼睡着的猫❤
299,有张译的剧必看，有没有一样的[应援],玲儿0908
300,这部剧演员都是实力派，应该值得一看,活蹦乱跳的荣钊
301,张译这部剧腿应该没瘸吧[捂脸笑][捂脸笑][捂脸笑],用户49a29752
302,达康书记怎么离了婚这么注重自身形象了[捂脸笑],阔不阔以不恰饭
303,我准备看第二遍[捂脸笑][捂脸笑][捂脸笑][捂脸笑][捂脸笑],小努努努🌸再
304,第一次看狂飙,赤子之心的真心守护
305,最晚一批 ,.………nn
306,为什么我看什么剧，看着看着就好像以前看过一样，好熟悉的感觉，我是不是有病呀,盛碗饭🐣
307,有没有现在刚开始的,桓D肩快
308,张颂文的演绎太精彩了[大拇指][爱心][666],与哇乐作人生
309,想看，但却没有会员,用户@530b8e07
310,中国电视剧的狂飙和，外国的哥谭电视剧有点像啊！不过就是外国更疯狂！！[狗头][狗头],你的一凡哟
311,前面都特别好看，就是后面十几集比较烂尾，为了体现正义终将战胜邪恶，强行把高启强写弱，确实也没有办法嘛，剧集比较短，如果是四五十集的那种，肯定还可以更精彩，总体来说，还是很喜欢[大拇指][大拇指],wArlang
312,冲着犯罪剧这种题材来的有没有！真的很爱这种类型的剧拍好了一定会🔥的！希望剧情在线毕竟演员阵容已经很好了,飘到了彼岸去
313,34567都是预告？,伤心小狗-⭐
314,[应援][应援][应援][应援][应援]这部狂飙完全靠张颂文撑出来的,安可九
315,这剧不行，演员也撑不起来，老戏骨带不动,的巅峰🌟
316,今天才看第一集的有吗,萱糖520
317,这么多金条就那样放着，上面盖一石板，不合逻辑吧,王希妍爸爸
318,听朋友说不好看，一看集数挺多也感觉怕看不进去，但是最近实在没啥片看了，最后一批追剧人[应援],李～周
319,想看，值不值得开会员,屋顶上看日出
320,我应该是最后一批看的把,Ä“”女人不花何来貌美如花™
321,弄不明白。这么一部有着教育意义的好电视为什么还要卖钱,喜欢懒床的夹谷安翔
322,刷了N遍了，现在又在看，但只想看张颂文老师，昨天还可以单看，今天好像不行了。[捂脸笑],喜欢吃烤鱼の王官曜文
323,有没有人像我一样？现在才开始追剧[色],h8666456
324,导演会找啊 好多都是我喜欢看的男演员演的戏[应援][应援][应援],哼💢怎么样
325,"我应该是最晚一批开始追的了[色]
“风浪越大，鱼越贵”",搔男屁屁
326,一直知道这部剧 现在才看,emm陌生人
327,为啥后来安排人杀安心，然后错杀了自己的妹妹呢？,喜欢吃红豆沙de梁丘语柳
328,剧荒了，来看看这部剧，听说很好看哎,衡月祭杀
329,气死我了，心疼死我了，真的黑化不是没道理,皮皮娃1403
330,我今天开始看,月见灬夕寒
331,#一句话告别狂飙#响你可以安心了，安欣忠于理想,是张不是脏🌈
332,好看不好看老铁们,阿涛🎉🍉🍉🍉717
333,我应该最后一批了吧[捂脸笑],183****6687_m2335
334,应该我是最晚的一人吧才开始看，就觉得一部不错的片。希望能起到提醒震慑作用[大拇指][大拇指][大拇指][大拇指],爱的魔法20
335,"哈哈哈哈 存着一集没看的我 现在正在看第一集 剧荒的友友们 二刷了嘛？
",曾金拥有
336,本人今天才看   有没有同号的,A期待明天🍄
337,一直听说好看，没时间看，今天看第一集有没有？,花儿俏520
338,狂飙好看吗,飘过～～💏
339,不知道有多少人，默默的等着广告！翻看着评论，而这一秒，你刚好看到我的评论！陌生人你好！祝你全家幸福！2023兔年事事如意！财源广进！愿大家往后一切顺利平安！,喜欢打高尔夫球の第二静槐
340,现在才来看晚了不,行者歌于途℡
341,应该没有比我更晚的了吧，我应该是最后一批[捂脸笑],_dhjdn
342,剧刚开播 我先凭自己感觉立个flag 吴刚老师一直在演正面形象 这一次我猜他的角色会是幕后boss之一（怎么感觉会打脸[捂脸笑]）,诸葛嗒嗒抡铁锤
343,这个剧情听说很好看，刚来的，看看,冻品食材～李永江
344,从一个小片段果断过来看了，[大拇指][大拇指][大拇指],ᥫᩣ 小卢的包被🧸
345,不知道有多少人，默默的等着广告！翻看着评论，而这一秒，你刚好看到我的评论！陌生人你好！祝你全家幸福，前兔似锦！,用户635a8a18
346,大嫂实在是太好看了，为了大嫂而来,HDBCJBDHGSBBX
347,为什么现在电视奖从不给狂飙呢？,梦彤爸
348,还有和我一样刚打开一集都没看的吗,一笑而过✌✨
349,第一集怎么就查强盛集团？是我看的不对吗,summer gile
350,#一句话告别狂飙#荧幕上的《狂飙》虽然全剧终了，但是，现实中反腐打黑工作仍然在进行，在此，向所有奋斗在反腐打黑工作中的人员致敬，因为，有你们的负重前行，才有我们的岁月静好！感恩有你们和我们在一起！,逸辰丶
351,我最喜欢看高启强了,冰是睡着的水之冰封的心🤙
352,太喜欢看这些老师飙戏。,414876960
353,好看啊好看  我太喜欢这个电视剧了   希望可以大火   出演这部电视剧的都是真正的演员  也希望能大火[色][色][色][色][大拇指][大拇指][大拇指][大拇指],望玥-
354,尺度大，节奏快，一不留神我就跟不上剧情了，李一桐孟钰不错诶,愿星辰保佑_
355,闹剧荒了，有没有三刷狂飙呢？[呲牙],離莂的萩兲
356,我5.5号晚上8.40看的第一集[应援],从前的如今
357,2023.4.14看完，之前看一些小视频都说张译演技被比下去了，其实都各有各的好，只是张颂文的戏有更多的发挥空间。这部戏连配角都演得好，代入感很强啊，强推！疑惑的就是后期台词对不上嘴型？？？,小小单车🍂
358,好多刚刚,晏谨言.
359,"有二刷的吗
",周dengke
360,这部剧阵容真的[大拇指]影帝+老戏骨们 而且感觉重案六组之后好久没见的老郑（张潮老师）也出现啦[应援][应援],诸葛嗒嗒抡铁锤
361,再刷一遍，听说要下架了。,阿酷优
362,全是实力派演员[大拇指][大拇指][大拇指],lindaei_ok
363,我老公都看哭了，他也是家里老大，父母不在了，有弟弟妹妹需要照顾。,玖笙笙笙笙笙
364,高启强是杀人犯吧？,深冮
365,"#一句话告别狂飙#看到哥哥的结局，心情很复杂，如果没有选错路，也许现在高启盛还能和哥哥妹妹一起团团圆圆吃猪脚面，可惜哪还有如果呢。高启盛不值得可惜，他是罪有应得，但他还欠所有被他伤过的人，一句郑重的对不起。
代他最后说声对不起，高启盛，再见。",TAZT
366,睡在回老家的卧铺车上（下铺），边看《狂飙》，好爽[应援],玲妹陀
367,我是张译的粉丝，张译演的剧和电影必看[爱心][色],WQC9319果果
368,一口气追到7集，熬到2点，[应援]应援了，各位大佬们,宋佳嘻嘻
369,果断开了个VIP😂,吖柒💪
370,有没有比我还晚看的[捂脸笑],【穆】好【东】运【升】来
371,点头哈腰的，是个正直的人吗,爱玩耍的黑猫警长😁
372,有没有来看第三遍的[色],梓炫..
373,现在开始看不晚吧哈哈哈[捂脸笑],aA505654
374,我才开始看,💔过期关系~
375,我是昨天辞职了，今天才想起来看的，不会是最后一个看狂飙[应援],喜欢吃拉面de延陵天音
376,我今天才开始看还有比我晚的吗,꧁晓萧꧂
377,这好看吗？感觉这名字看见好久了，但听名字和标签又提不起看的兴趣[捂脸笑],LaurenNa
378,我现在才看第一集啊，但是我感觉这个阵容还是很强的，都是老戏骨啊！我真的很喜欢，就是很多老戏骨的剧演起来真的很好，而且很有经验，每个表情和眼神，都感觉出来很好,璀璨本
379,李贝倩。看到了怎么不回答李贝倩,《月亮下的》影子】
380,30+以后追剧都是先看演员表，有些剧主角配角菜很多,123嘉嘉A
381,吴刚叔老了不少啊感觉[捂脸笑],sdccddYsy丶
382,有这么多老戏骨这剧稳了,长夜…⭐
383,风雨欲来风满楼，机会可遇不可求，,不想说....
384,早就知道了现在才来看[捂脸笑],卍YDK
385,什么鬼？现在拍刷连个真实的地名都不敢用了吗？京海市有这个地方吗？,☆云飞★
386,各位网友今天是5月8日，您们好我呢今天才开始追剧不知道好看不好看等待大家的评论[大拇指][大拇指][666],仁慈的求求
387,看到要会员 [捂脸笑]放弃了,巧克力摩卡壶
388,我是最晚的一批现在才开始看[应援][应援],遇见k🍓
389,喜欢大嫂的报号1,当两天小绵羊🎁
390,没有人比我更晚了吧，现在才开始看[狗头],小月牙999
391,有谁看过辣妈正传嘛,纳纳酱酱@
392,秦叔的结局咋样了,萌萌大人✘
393,我是最晚一批看的第一集吧[呲牙][呲牙],好嗨吆...
394,高考完开始看应该没人比我更晚了,喜欢喝红茶💝🍒🍉😂
395,我应该是看的最晚的一个，6 月 21 日才看,@蜡笔小H☞K☜
396,这部剧唯一的败笔就是，孟钰这个人设，内心复杂 三观不正 不敢爱。开始活泼天真 ，还可以。但是到后面让人看的太到胃口。要搞一个安心的感情线，也设计一个支持他事业的女人啊，起码一点要敢爱啊。勇赶追求啊，大嫂这种人设才是男人喜欢看的嘛，到后面后期嫁给杨建，更是莫名其妙，就强行要搞一个多余的人出来做多余的事呗，去恶心安心，来虐一下观众呗。杨建后面被捕还强行扇泪为孟钰的母亲啥的,其實冇咩講
397,好看，演技很好，不是那种花里胡哨的东电视剧,‎⁢‎⁢
398,高起强是被逼着黑化的这感觉[捂脸笑],瑶博
399,高启强是好人，安心是坏人,考拉066
400,二刷的都有谁[666],双胞胎儿子是宝宝
401,我不是最后一个来看的吧[捂脸笑],小烟花吖
402,有人和我一样高考完才开始看吗,HelloKittyyyy🏝
403,有没有和我一样高考完才来看的,邈邈～小佳
404,剧是好剧，人是好人，精彩灿烂，人物塑造好，剧情跌宕起伏，引人入胜，可谓开年第一好剧！,11229💪
405,南方人真的逢年过节吃水饺吗[微笑] ,爱喝酸奶的桑慧子
406,第一天看[捂脸笑],一叶西瓜
407,我还没开始呢,玖霄霄霄霄
408,有没有人跟我一样看了一遍现在看第二遍的[应援][应援][应援],丫头和平精英
409,打开就知道我喜欢类型，再看演员我知道一定是高质量片,熊熊宝宝@
410,二刷的有没有？,WinkyYaah✨
411,还没看过狂飙，请问好看吗,蚂蚱开飞机
412,5月28号最晚看了的吧,想得不到
413,现在还有人看这个吗[呲牙],匿名用户
414,怎么关闭弹幕,AA 赵四验车
415,今天才看，有没有一起的伙伴,如果🈶1⃣՞天՞🐰
416,今天才看 是不是最晚[捂脸笑],Amy婷婷姐姐
417,看了各大App没有想看的，来看第二遍，有我这样的吗[捂脸笑][666][大拇指],努力做好自己唯一
418,我是最后一批看[捂脸笑],没有回头药吃
419,十点多了，我就追这个剧呀！[捂脸笑][捂脸笑][捂脸笑],熙小左
420,#狂飙剧评征集#有没有4月才开始看的[爱心][捂脸笑],雨甜粟子
421,第一次看，想问问这部剧好看吗？,权珍旻
422,人都是逼出来的,🌹萌宝贝🌹26
423,应该我是最后一批看的吧[捂脸笑],蝶仙儿
424,来啦，看看到底好不好看,159****6028_m1886
425,我才开始看，是最晚了吗？,清风徐来的小猫
426,今天才看的 有木有,Mr.奇诺
427,3--8集为啥还只是预告呢？,匿名用户
428,#狂飙剧评征集#有没有人和我一样到现在一集也没看的，现在才准备追剧,可爱行行😄
429,"看不了第二集之后[捂脸笑]
呜呜呜，有没有好心人",匿名用户
430,这么好看的剧居然到13集才从其他平台刷到[666][666][666]张译[色][色][色][色],好看的皮囊千篇一律～
431,我刚开始看，5.10号,我的苏格拉底
432,为张颂文老师来看第二遍的有吗[应援],潘潘1111🧁
433,所以我才是最后才开始看的吧,爱自由be 晓敏
434,《新版狂飙》小说更精彩！,用户@1495f56400136
435,我才是最后一批人[捂脸笑],嘟嘴小豆包
436,陈舒婷第一个老公是谁,I love youwxy
437,好看吗这个电视剧,柠檬水华
438,人一旦有了感情，就有了软肋。高启强就是输在感情上了。,Jessica S.G
439,这部剧已经人人皆知了吗 这么火 [666],真的是想啊🐣
440,太喜欢张译了，怎么会有这么好的演技,梦云梦梦
441,2000年电视机2w？,五秒真嬲人
442,5.1 前两天 二刷的举手🙋‍♂️,欢快的大头🌟Nicholas
443,二次观看[微笑],💋扬涵辰💋
444,有没有二刷,一一的爸爸刘禹东
445,6.13看的，最晚的一批,"ゃ﹏淸凨ゞ

丶"
446,最后一批是我了吧[捂脸笑],无惧的晚风😄
447,#一句话告别狂飙#京海的天亮了，李响追求安心，安心终于理想，希望在另一个时空的安欣能继续平安的守护京海人民。最后感谢狂飙的陪伴，再见👋🏻,是张不是脏🌈
448,有张译必须得看 这是演员老戏骨大合集 不是明星大合集超级好看,龙猫52011
449,现在开始看第一集，有人一起看吗,平平和时间一起成长
450,劳动节来追剧了，[捂脸笑] 第一次看，好看吗[色],唧唧兮礼
451,哇应该是最后一批看吧 没有人比我更晚吧,小静！🍑
452,剧情非常好看[大拇指][大拇指][大拇指],STAY（挽留）YOU
453,有没有跟我一样的才看第一集,快乐的星球。。
454,"我4月9日开始看的，我应该才是最晚第一批吧
",冬妈👍
455,今天怎么没更新,张文亮_qq1213
456,张译演的好像没放开一样，谨小慎微,艺琦
457,肠粉除了鸡蛋肠就没别的啦？ 鲜虾肠、猪肝肠、肉片肠、牛肉肠、、罗汉斋肠…啊还有一定要加玉米粒！,麥ラ嘜
458,我这是看第二遍，如果有机会我去见一下我的偶像张颂文老师。,爱吃火腿の亓官安平
459,看第二遍，细品,双儿666
460,感觉全剧唯一的遗憾就是安欣没和孟钰在一起[大哭],一湾清森★
461,这剧一共多少集？12？还是24,爱篮球的QQQQ
462,我怕是最晚的一批哦  还有更晚的没[捂脸笑],欧 泡果奶
463,我一定是最后一批，都到这个时候了[捂脸笑][捂脸笑],X中的无奈
464,老火了这剧,只_qq1219
465,有没有人和我一样到现在一集也没看的，现在才准备追剧！,oo簖騇囄ツ
466,4月17号来狂飙报道了，虽然迟了点,三生烟火.🍁
467,有没有和我一样才看这个剧,amkky
468,二刷来了！,盘娱点乐
469,我今天才刚刚准备看，才看第一集，怎么就感觉不好看了呢[捂脸笑][捂脸笑][捂脸笑],喜欢嗑瓜子の漆雕雨伯
470,我才是真的最后一批看的吧,钢结构制作安装🍁
471,现在看剧，先看评分，再看评论，再看演员，最后再决定看或不看，有一样请举起你爪爪,才貌双绝的。.。.。
472,有没有比我还晚的[捂脸笑],学会野火
473,被张译吸引过来的[呲牙],无此人
474,第一集就给我看哭了,一个橙子。。。
475,为啥不能横屏呢？,风清扬白雪
476,助力今晚热度破九千[色][色][色]，全员演技在线！广东人过年一般不吃饺子，其他都很细节[应援][应援][应援],雀舞风徽
477,好强大的阵容，看到演员表就很期待，大家一定要来看一看，不要错过好剧鸭。[应援][应援][应援][应援][应援][应援][应援][应援][应援][应援][应援][应援][应援][应援][应援][应援],禹华君
478,5.4号，我该是最晚了吧,与君相伴.安康永泰
479,抱歉来晚了😉,匿名用户
480,我最晚不接受反驳,一介俗人（陈浩）
481,怎么不能给电视投屏了,匿名用户
482,这部剧太好看了，演员演的带入感很强，看完整部剧都还没有走出来[捂脸笑]，尤其喜欢张颂文老师演的高起强[大拇指][呲牙],人間不值✨
483,有没有五一才看的,用户8a766512
484,孟钰出场没轻没重，仗着局长千金身份，不知天高地厚的感觉,爱米酒🍀
485,有没有人为了一部剧先下载爱奇艺[应援],菲菲宝贝爱优优
486,再刷一遍。我从隐秘的角落开始喜欢张颂文老师的，虽然不是主角，短短的几个镜头，但看出来演技一流[大拇指],暖暖的明天👌
487,今天从开会员，开始看第一集，有没有比我晚的,老马哥驾到
488,我拿着闺蜜会员来了，可惜只有五天，五天能看完不？[捂脸笑],怪兽别跑!biubiub
489,怎么消除上面的聊天内容谢谢,匿名用户
490,中分头，背带裤，我是爱坤你记住[狗头],爱吃苹果de亓官淑雅
491,我表示为了看狂飙冲了会员，结果过期了。[捂脸笑][捂脸笑][捂脸笑][捂脸笑][呲牙],鱼懒懒🍡
492,有没有和我一样，第一次看[应援],亿懿💘
493,有没有跟我一样今天才看的[呲牙][色],起个不好听的名字吧886
494,都说很火，追一下看看[呲牙],叫我廖哥啊
495,喜欢高启强这个人物，做好人也好做坏人也不坏透，都是被逼走上那种坏人生,大小稳
496,喜欢张颂文这个演员，演的太好了，好多年没看到这种水平的电视剧了，演员演技真的很棒。,丰海通
497,闲着没事再看一遍,西个了瓜
498,张译影帝演技不错！！！,想通了a.
499,我朋友都看完了，说特别好看，所以我现在才从第一集开始看[捂脸笑]应该不晚吧[应援],舞.希
500,这么久，第一次看，等广告，翻看评论的陌生人大家好,爱喝绿茶的哥舒攸然
501,第一集的电动车有点先进哦[呲牙][呲牙][呲牙],瑶一个💤
502,我是最晚的了吧，高考之后才看,妍初2020
503,真那么好看吗？整的有开了一个视频会员,苗 凯
504,2000 年哪里有电动车，当年我给海尔做代理的时候，等离子 9 万块一台。,超级飞侠专用
505,说给我剧透一下 谁是好人谁是坏人,n.winter
506,重新[色]再看一遍,Aa欣柔
507,"#狂飙剧评征集#钢筋刺穿手上筋，一身正气叫安欣
师傅遗言心里藏，卧薪尝胆叫李响
交警缉毒还管电，我的名字叫杨健
咖啡干嚼不加糖，我是强盛高启强
手拿冻鱼追一路，我叫启盛你记住
金丝眼镜很斩男，我是御姐高启兰
商学院里没白读，暗恋兰姐唐小虎
老公被埋不知情，我是大嫂陈书婷
一把手枪吓唬人，我是少爷高晓晨
鱼摊卖鱼开大货，吃糖杀手陈金默
先亲程程后摸腿，我是莽村李宏伟
脚踩五菱没刹车，记住莽村有田哥
头疼来自烟灰缸，我的名字叫徐江
我是徐雷你别爱，电鱼爱喝 AD 钙
吃饭就坐小孩桌，我是沙场白江波
有田下山不减速，莽村就属我最富
刀哥递杯红糖水，献血大使是石磊
摘下眼镜路边哭，还得京海王秘书
为报父仇还父债，黄瑶举起录像带​",♬ 念安か
508,基本上都是老戏骨，好好看，好带感,Windy2527
509,为了这个剧冲了个会员,超爱喝汽水の东方艳蕊
510,这一集安欣种下善因，之后高启强记得他的好，不然安欣活不到20年之后[应援][应援]所以说，人呐还是得多做一些善事！不是有一句话嘛，一切好运都是善良的积累！[666][666][666],a_少爷°
511,人人都爱高启强，可我就爱安欣，安欣身上的执拗、善良、正义，是我的一道光。他让我哭了好几次，第一集他就让我哭了,然然滴狗
512,现在发现一部再好的电视剧也没耐心看完了，只是和那位没话可说，打发时间罢了,婷好的💞
513,什么鬼无厘头,我要的生活很平淡
514,#一句话告别狂飙#“朋友交心，战友过命”,译路有瑜文
515,5.22开始的有没有,lx教父
516,好耶真不错又有新剧追了[应援][色][色][应援],洛玖owo
517,一集没看,郝家女媛
518,张译说话像陈江河的味道了,芝士小奶瓜
519,全剧看完，张颂文拿奖拿奖拿奖！演的太让人动容了。演技牛逼🐮,全真昊天掌
520,弹幕不能完全关掉？,匿名用户
521,二刷开始,匿名用户
522,二刷，看唐小虎[色][色],todayis_xoxo
523,根本拒绝不了张译的魅力，只要有张译，我就知道这部剧或电影肯定稳了！！！[色][色][色],匿名用户
524,感觉没有看够，现在来三刷，有三刷的吗？[微笑][微笑][微笑],名字没想好😂，
525,不是说下架了专门进来看看,爱吃西瓜的公伯敏慧
526,不出意外接下来十年的每一年祖国内地的影帝非张译莫属了。,倪先生🔥😉☁
527,推荐专门来追这部剧，期待一定会很精彩，接下来就是买会员,baby    __℡
528,今天来一刷狂飙吧,133****8221_m1563
529,第二遍的集个合了。[色][色][色][色],关键我叫阿丰
530,想看狂飙，可惜没有会员[捂脸笑][捂脸笑][捂脸笑][捂脸笑][大哭],浮梦吖 23
531,开始追剧[呲牙][呲牙][呲牙][呲牙][呲牙],你被抓了
532,这个片子导演绝对是用心了，第一集高启强开的摩托车，他要是开电瓶车的话，那我绝对不看那个片子，因为电瓶车是2005年以后才出的。,田边的草人
533,张颂文老师演技世界第一[大拇指],保森🎪
534,我今天才看哈哈哈,千千千千🥰
535,要是张译是黄渤，或者黄海滨，那就更好了[呲牙]，,姐_不需要你的爱
536,为什么不能下载,Mmmlml😗
537,才看了满江红，发现全国目前演正反派都入木三分的只有两人，一个是张译一个是大器晚成的张颂文。他们两个都有一个共同特点，演正派让你觉得人畜无害，温文尔雅或者英雄气概。演反派，不是像表面的坏，狠。。而是阴坏。。。。让人咬牙切齿的狠他们。太牛了。,пань 先森
538,第一集开始看[捂脸笑],喜欢吃绿豆沙de东野晏如
539,我准备今天开始看,布鲁娜💘
540,今天刚看[应援],迷你世界，怎么被人用过
541,今天大年三十看到剧里也是大年三十 我一个人在外面 ,阳光宅女☀️
542,我才是最晚的一批,博g超甜
543,南方过年不吃饺子吧,喜欢打球的哈宝爹
544,还有没有比我更晚看得，让我看看[捂脸笑],海水與她漸退
545,看了很多次了，狂飙为什么还排在前几名[色],カカシ55开
546,演员很专业，真棒,HUI徽🎉
547,呜呜呜 太好看了[色] 这已经是第三遍看啦[应援],zZ念.
548,为了追这个剧开会员的请举个手[大拇指][大拇指][666],小姚💍💍 😇 🍭
549,今年的奖项拿定了，光开年收视率就4亿多了[大拇指][大拇指][大拇指][大拇指][大拇指][大拇指],追剧♥青年
550,有没有刚开始追的啊，一起啊[应援],酷88☀
551,囯民好老公张译又出来了照顾了瘫痪的妻子十年天下没有这么好的男人张译主演必须看完[色][色],杭州春宝
552,"#说出你对剧情的猜测#我觉得，孟德海（张志坚饰）和安长林（石兆琪饰）之中至少有一个坏人
",匿名用户
553,真的好看吗？不太想看，主要是觉得不想带这脑袋看电视，怕烧脑,艳子屋1220
554,这才开始看第一集[捂脸笑],135****9427_m1218
555,颂文老师我又来啦，这次拿等离子电视看的[应援],褚滚滚
556,我看第3遍了,浅笑ソ汐岩
557,安欣太可爱了啊，怎么能把小细节表现得那么活,宋宋宋～宋木子宋～
558,有没有兄弟和我一样五月才看的？[捂脸笑],酿花
559,就我是刚出的时候就开始看了吗 我现在已经是n刷了,匿名用户
560,一直以为狂飙是一部电影[捂脸笑][捂脸笑],shiaoyjf
561,我爱高启强,喜欢婚纱吗
562,其实这部剧，我真的很喜欢，直到我看完了，我到现在没有走出来，我不知道是我三观的问题，我真的好心疼高启强，高启强真的很深入人心，唉～高启盛的死，让我有好几天心情没有缓过来，让我一直不敢看，我有点接受不了，我是缓了一段时间，继续看后面，结果又来个大反转，让我彻底绷不住了，强哥真的太不容易[大哭][大哭][大哭],自卑症
563,有没有比我晚的，现在看,匿名用户
564,好看吗？听别人说看着还行,追梦人！💫
565,"第一印象是我好像看过类似题材的，不知道张毅是不是卧底成了老大。但是张毅的作品值得看
",浪花🌊✌
566,我觉得内奸是安， 徐问高的后台的是时候第一反应是 孟   海上行动也是安 一定要去打报告 才会出问题。猜的,TikS•
567,不知道有多少人，默默的等着广告！翻看着评论，而这一秒，你刚好看到我的评论！陌生人你好！祝你全家幸福！2023兔年事事如意！财源广进！愿大家往后一切顺利平安！,钟情你
568,为狂飙打call，大结局所有人都be，欣响事成意难平啊☹,可乐铃
569,不会后期改过台词吧[捂脸笑][捂脸笑],2351793077
570,前面看高启强看的好心疼。后面看的高启强就担心他被抓,匿名用户
571,现代版谢文东,超爱涮火锅de公西陶宁
572,我才最晚,匿名用户
573,我今天开始看,旺旺啊。a
574,吴刚的脸好出戏,江城客yang
575,对了，我是fu南人,139****8671_m1343
576,王炸的团队，完美的cp，女王的气场，尽职的保安，扎心的人性，还有无尽的期待，不愧是《狂飙》，不愧是演技派的春天[666][大拇指][色][爱心],再无在意事
577,来了来了，终于来了，再不来都剧荒了，众多老戏骨，最重要的是主演张译啊，必须追[大拇指][大拇指],晨辰SS
578,今天开始看，算晚吗？,匿名用户
579,刷了好几遍，但每次看完26集就没看了，因为响没了[捂脸笑],Giotto．Vongola
580,"有没有人和我一样到现在一集也没看的，现在才准备追剧
",郑发财-
581,哇，连更5集，我还以为要跟央八同步，总共多少集？24？40？没追剧日历，要养肥它。,幸运幸运来了
582,神仙阵容，太期待了，终于等到了，推理破案代入感很强,戏江.⭐
583,都在争自己是不是最晚的一批，也没人告诉我好不好看啊[大哭],Tik-Yun
584,高考完开看[应援][应援][应援],♡Li ZeH！
585,#狂飙剧评征集#来看啦来看啦！刷到了一周多了，一直没能来看《狂飙》，再不看就真的不礼貌了！所以我来了哈哈哈！救命！就真的很好看！太喜欢这部剧的剧情、演员了，热度这么高它值得！[应援][应援][应援],丞欣•TNT🍿Biiiii~
586,终于来了,毛呢大衣哦哦
587,我喜欢的峰，我只可以默默的想着,晚风拂过你的心💞
588,让我来看看这部剧[抠鼻],阿狸A去
589,都别争了 我才是最晚的一批,爱追剧的派大星🤞
590,来二刷了[呲牙][色],Ltong🍓🌈
591,来看第一遍的来了,农夫山泉有点疼🎪
592,其实整剧最气的点还是，高借安欣的名头起家，结果一直对付他，自己搞自己啊,kv671123
593,我应该是最晚一批了,贤良淑德の阿尼娅艾亨
594,今天第一天看。,b心悦君兮君不知
595,今天中午刚打开看，刷存在最后一批,梁娜21
596,刚开始看,花花向太阳的花🌻
597,今天才看的[微笑],匿名用户
598,现在才开始看,打烊啦嘛
599,超级好看，第一次这么迷恋一部戏，演员演技超牛,A眼之悦眼镜
600,这个题材的作品应该让何冰来参演,骑这毛驴去非洲
601,2000年有两万的电视吗？,匿名用户
602,有没有才看的,哈哈哈p🌸
603,#狂飙剧评征集#遭老罪喽,匿名用户
604,他们说好看，真的吗？开了会员特地进来瞧瞧,龙少爷香港
605,狂飙一部很不错的电视剧。在十年后都不可能被超越，全员智商在线，尤其是高启强。[呲牙],朕瑾城中
606,人生已过半，第一次追剧,一人人民
607,为什么这里的所有女演员都比李一桐演的好呢,喜得阳光
608,怎么就成了宣传科的科长了？之前都是抓捕犯人的啊,天真可爱的girl
609,实在太好看了！张颂文老师太让人佩服了，把演的实在太好了，希望拍摄第二部[大拇指][大拇指][大拇指],自律！遇见更好的自己@
610,没什么好看的,无名名取💖
611,今天第一天开始看，有没有比我还晚的呀,～花～@
612,京海市里虚构的地名吧！不敢用真地名,听兮音
613,第二次刷 ,A~糖豆儿
614,狂飙的第二个BUG就是2000年时候还没有摩托式电动车,稳重的阿土仔
615,一说刀哥老头直接懵了哈哈,思念变成海` •
616,刷到大嫂、高启强之类的，过来看看[捂脸笑]我是不是落后了,Ｍｉｓｓｌｉｎ2
617,安欣不会用伤害别人的方法来保护自己，他这么多年没有被腐蚀，已经证明了一切。,麦麦乐脆脆鸡
618,这不就是人民的名义原班人马，陆毅换成了那个谁嘛,换上快乐舞步哒哒哒🎪
619,@2323636695 老婆我一辈子都粘着你，就像你说我喝醉那样！我不可能走，一辈子都不会,K＋终端(毒)
620,应该没有人比我还晚吧,身高175体重185
621,剧情最后无非就是让自己老家的父老乡亲知道道哥就是小龙，村民才知道黑社会的刀哥都是强哥的小弟，但通过刀哥的小弟随口说了一句，刀哥，你的车停在村口挡住村民的路了，试想一下，没脑子的编剧，糊弄观众当小孩吗。此集剧情不严谨之二,舟之娇
622,我6月24号才开始看第一集,车水龙马.
623,我可能是最晚看狂飙的人了,黄昏藏进晚霞
624,为什么345678只有预告啊？,刘春萌😘
625,高：这是高端局得禁瑶,supremeA🙊
626,刚开始其实真的就是普通人生活被逼的，没办法，人总不能走绝路吧,小清369
627,现在才开始追剧,Fairhhj
628,如何投屏,风卷残云～123
629,没有弹幕吗,Anan1in
630,狂飙这部爆款电视剧，让人追剧入迷，不单单是剧情，还有演员们的倾情演绎！我看了两遍都没过瘾[捂脸笑][捂脸笑],吃蛋糕的子良🌻
631,奔着张毅来，被张颂文圈粉了。实力派，细节太到位了，不愧是教父,我是个饼子
632,只有两集啊 太短了这是电视吗,@亦轩
633,今天开始看,匿名用户
634,山有顶峰，海有彼岸，只要坚持，定能如愿。喜欢强哥，点赞张颂文老师，真正的实力派,京粉粉
635,再来刷一扁,我是天宝宝
636,五一结束，才开始看，实在太无聊了，一个能熬的都没有,嗜睡症患者额
637,不要问好不好看，你看都不看，哪里知道好不好看,💞ℳ炫宝꧔
638,张译演的孟烦了，我的最爱。,喜欢吃栗子🌈Christian
639,都是我喜欢的演员，所有角色,淮浍淙潼沱🐣
640,看的我又流泪了,静想浪漫春
641,准备开始看[呲牙],张小ꦿ白℘゜এ
642,演员选好了什么样的剧都能看一看,通简
643,几年不看电视剧了，在视频号看到介绍，过来看下，今天五一[应援],186****6500
644,唉，没什么可好看的剧，咱再重新追一遍 “狂飙”吧[应援][应援][应援][应援][应援],💓情💖风💕
645,第三遍路过,沈锦鲤i
646,毕竟是央视出品，必是精品[大拇指],提莫队长6
647,来来来，二刷[色][色][色],含湘
648,今天第一集[狗头],今夕和气
649,还有成年人没看过这剧吗,傲雪123567
650,什么档次？和我看一样的电视剧。,匿名用户
651,高考完今天才看，我才是最后那一批吧[捂脸笑],喜欢吹笛子的子桑奕叶
652,准备二刷了，这部剧还是耐人咀嚼的。[应援]这回一定要慢慢细细品味，毕竟这么好的剧此刻找不到第二部了。开刷[应援][应援][应援],瑞儿.🍭
653,今天开始追剧的有吗,139****7552_m1757
654,[捂脸笑]我今天才第1次看这部电视剧，估计没有什么人像我这么晚了，开了会员抓紧时间看,小嘉嘉1999
655,五月份才看的,瑶欣🍒
656,呦呵，我应该是最晚看的了吧？,匿名用户
657,太好看了,爱喝果汁的子书月华
658,全员演技都在线，尤其是张颂文和张译的正邪较量[大拇指][大拇指][大拇指],美诺👌
659,因为没有VIP，所以到现在一集没看,匿名用户
660,良心剧，值得推荐,啦啦啦，🍂
661,真的非常好看尤其是张译太帅了,一起来看Sophia
662,#一句话告别狂飙#我也是听朋友，才来看看的，没想到众星云集。我发现张译和殷桃都挺会挑剧本的，演的戏基本都是爆火。演技炸裂。,封存，记忆。
663,我才是最晚的吧 现在才开始看,大冤种！💕🎡
664,突然觉得那些在办公室猝死的 并不一定是劳累突发死亡 有可能是心虚吓死的[捂脸笑],秦炎112
665,高考完终于可以来看了 期待期待,匿名用户
666,我才是最晚一批，比现在的花戎好看多了,喜欢喝牛奶的士孙驰轩
667,真的好看！张译张颂文演技都好绝，其他小人物的角色演的也都很好！,Tao0602
668,巨好看 一口气通宵看完[捂脸笑],LIQIUPING   ᥫᩣ
669,"我一般不会入坑这类型的剧，但我是个俗人，这部剧太火了，还是决定凑个热闹~多的不说，剧情、选角、配乐、服道化确实都很出色，而且尺度也大，就是快结局的部分节奏和剪辑上有相对明显的瑕疵。
张译的安欣，影帝的演技毋庸置疑，可惜角色上并不突出，某种程度上还不讨喜被人吐槽圣人，可是我们不得不承认，现实中缺就是这样一类负重前行，在正义的道路上狂飙的傻子。不管别人如何评说这个角色，我实在是有种说不出的心疼。
通过这部剧第一次认识张颂文这个宝藏演员。高启强的支线编排和角色推进，加上张颂文贡献的演技，张力全开，看点满满，很多时候还会被强哥帅到！即使是个灰色人物，依旧会偏爱。对大气、明艳、烟嗓的大嫂也很喜欢。
当然，听说这部剧是有不少真实原型的，这么一想，鸡皮疙瘩就起来了，感觉像看了一部“恐怖片”一样。",SALANG_qq1916
670,今天高考结束了，终于可以追剧了,意中田
671,花戎更新太慢了，来看这个,卝的的
672,这部剧我非常喜欢，[色]要我打分我给100分！看了这部剧，其他电视，电影我都不想看，我特意开会员看的，里面每一位演员演的都很到位，我喜欢里面每一位演员[应援]我喜欢张颂文[爱心]喜欢张绎[爱心]还有等等等等[大拇指][666]支持你们，也支持这部剧[应援],咪斯洋
673,请问大家，这是不是刚拍的第二部？,陈百万🔥，
674,高启强都说妻管严很幸福的是第几集,匿名用户
675,我是最晚看这个电视的,Memory丶念旧g
676,还有人没看狂飙的吗,彭大1940
677,明显是南方甚至是广东，谁吃饺子？感觉怎么中国都吃饺子似的，导演无知,会飞的梦nnn
678,有没有才开始看的,晋rich
679,为啥你们都觉得很好看，我看第二次了看到第二集我就没耐心看了，不知道有啥好看的,再次满眼失望
680,听说好看 跑来看看  好久没看过电视剧了[捂脸笑][捂脸笑]  ,邪 灵
681,没钱充钱怎么看，,相伴至老_
682,这电视拍的真好 第二次追局,雄  龙工售后
683,我今天刚看[捂脸笑]还有比我晚的吗,匿名用户
684,我才是最后一批，我今天才开始看，,匿名用户
685,我保证，这只是换了个名字而已，之前拍过[应援][捂脸笑][捂脸笑][捂脸笑],匿名用户
686,热了这么久了，今天头一次看[捂脸笑],qq901131
687,我6.1才开始看，最晚的一批[呲牙],匿名用户
688,我是最后一批好吧,小猪佩妮🌻。
689,“散了散了，都别看了，有什么好看的，让我来看看[应援]”,匿名用户
690,我刚看第一集，看看老膜怎么卖鱼的,匿名用户
691,张译真的憨憨的好可爱，本色出演了[捂脸笑][捂脸笑][捂脸笑],这女的不像好人啊！
692,再看一遍 发现拍的更好了 不给十分 不地道,Yang jia yue
693,这才是正真演员演的戏，[大拇指][大拇指][大拇指][大拇指][666][666][666][666]全员演技在线,﹏唯愛▁↘
694,高启强你崛起吧，你们太苦了,大檬子与宝贝
695,世间只有高启强，哪有安心？,白海豚🤞
696,我今天才来追剧呢 是不是有点晚了[呲牙],偶然邂逅66
697,我今正式看，不会辜负吧[色][应援][应援][应援],杨Dada🎪
698,你们是刚开始看，我已经看五遍了[捂脸笑][应援][色],阿湦、
699,狂飙是真的牛到现在了还有9000多的热度,💯🌟☺oo
700,好多老戏骨，我要3刷,匿名用户
701,#一句话告别狂飙#天花板级的电视剧，没有之一,wdagwh
702,听说这部剧好看，今天来看看，你们都看全集了吧！值得一看吗？,热爱105°C你哈哈
703,看完狂飙支队，才发现看错了[捂脸笑],匿名用户
704,那么多人都说如果不是弟弟，高启强不会走上歪路，但其实高启强本身就是不是什么善茬啊，只是环境约束了他而已,Alesson🧁
705,全员演技在线，是不多的好剧[爱心],暗夜宁宝
706,新年快乐,先锋路街道黄河路
707,今天才开始看第一集[呲牙],超爱阅读的子桑瑞灵
708,高启强这个角色演绝了，非常喜欢,今晚早點睡_🧁
709,来二刷了,一二一二254
710,#说出你对剧情的猜测#先这样再那样 最后就那样了,佟安
711,之前看剧喜欢快进一个小时能看完整部剧，唯有这部剧认认真真的从头看到尾[应援],进而不静🎊
712,#狂飙剧评征集#狂飙真的是新年必看剧，我必须强烈推荐给剧荒的家人们，首先这部剧它的节奏非常非常的快，没有一秒是多余的，其次这部剧里面都是老戏骨，演技超棒的！最后，剧情非常好，代入感太强，根本不够看……[微笑][微笑],樱夏浔李
713,真的是好看极了！喜欢这个演员阵容！张译老师太厉害了！张颂文的演技也是亮点！[大拇指][大拇指][大拇指][大拇指],匿名用户
714,这阵容真真儿强大啊,向北。🍓
715,七月了才看,情汐♛
716,墓地里装金条啊，这是一个新高度啊[呲牙][呲牙][呲牙][呲牙],追剧♥青年
717,演员们演技超强，为了这个剧充会员值了[应援],匿名用户
718,该存着等全集出来了一口气再看，现在一口气看到九集没有了……抓心挠肝啊,浅忆💋不不不你那边
719,听着怪怪的,神采飞扬0428
720,这个电视剧咋似曾相识呢，和之前的某个电视剧好像，演员也是·就是想不起来,匿名用户
721,刚看一点有点像陆毅他们演的那个电视剧人民的名义,A寧檬心
722,张颂文老师演的真的特别棒[应援],十八楼野生小炸
723,听别人推荐，我才来看的[捂脸笑],ogflf
724,虽说张颂文老师是男二，越看到后面，越觉得张颂文老师就是男一,玖笙笙笙笙笙
725,好的剧果然不需要太多了滤镜，，，实力演员就是不一样，这剧必火🔥🔥🔥🔥🔥🔥🔥🔥🔥🔥🔥🔥🔥🔥🔥🔥🔥🔥🔥🔥🔥🔥🔥🔥🔥🔥🔥🔥🔥🔥🔥🔥🔥🔥🔥🔥🔥🔥🔥🔥🔥🔥🔥🔥🔥🔥🔥🔥🔥🔥🔥🔥🔥🔥🔥🔥🔥🔥🔥🔥🔥🔥🔥🔥,小小棣欣💘
726,从知乎上看到新上的电视剧，打算要看的，因为就充值了爱奇艺的会员，打开APP没想到爱奇艺真有。。。。好开心！今年为了喜二充值，看了风吹半夏，县委大院，父母爱情，没想到狂飙也在这里！！！！先睡觉了，明天再看，大家也早点儿休息！,花木旋子_qq1076
727,就一个李一桐认识，其他演员都不看过,小暖nn🤞
728,特别喜欢陈若轩这个带刀锦衣卫，真的是太帅了，喜欢她这个人设,夕阳西下zyy
729,"23年开年好剧，时隔一年终于又出现了哲宏题材的剧，疫情退去，开年好剧
",实力派朱一龙
730,感觉就是很多部电视剧的剧情融合到了一部里面[捂脸笑]看着没新意，但演员确实不错，高叶确实亮眼,王邱1
731,很真实的一部电视剧，演员工作各方面都很到位，每个角色扮演都很真实[大拇指][大拇指][大拇指],我的小暖男萌仔
732,孟珏喜欢安欣？,Gavin.fang
733,第一幕出现的李牧就是《重案六组》的老演员了，以前经常看《重案六组》,我是你得不到的渣男
734,弹幕别剧透，求求了,gggggdgg
735,一看那么多老戏骨就激动，跟人民的名义一个调调，好看[666],不记得从前的自己
736,我预约了那么久，没事就查一下几月几号开播，今天终于开播了！[应援],码头扛把涛
737,终于等到狂飙播了！主演阵容都是实力派是真的很喜欢，张译在万里归途的时候被震撼到了，李一桐也人美有演技，期待了！,飘到了彼岸去
738,再刷一次,章志伟
739,我才是，今天才开始看,纔䵼| ू•ૅ㉨•́)ᵎᵎᵎ
740,题材吗，演员还是太油，拍出来的效果太老套,简单的zk
741,我很少打分评论，打了这么高的分完全是因为张颂文的演技，希望他得偿所愿，再创佳作，接下来只要是他主演的戏我都看[色]他值得被大家看见，,小点点啊呀💝
742,良心好剧 全员演技在线 值得好评 近几年难得一见的良心好剧,⁣⁠QW
743,不出意外我是最晚看的了吧 一直知道 刚开会员来看就,醉生甍死丶
744,#一句话告别狂飙#狂飙真的是一部非常棒的电视剧，太真实了！！,(｢･ω･)嘿a
745,"为了强哥 直接冲会员 [大拇指][大拇指][大拇指]
今天才开始追 目前为止应该我是最晚的一批吧[应援][应援]",不当骗子
746,好看不 看排行榜好像挺猛的,一枕黄粱半浮生🍁
747,我才是最后一批,吖米！！！
748,我也是才看完，高起强演的好,匿名用户
749,吴刚脸咋这样,飞翔的佳佳66
750,又重回看第一集，看了第一集原谅他后面所有，看他被打，我哭了，,七筒娃儿
751,为什么4-5-6是预告啊,匿名用户
752,"这部电视剧太好看了
这部电视剧太好看了,不知道有没有第2部",炫酷发哥
753,终于觉得打开看一看，不要剧透。我要自己看[捂脸笑],小小奴家
754,我从26集回来了，舍不得我的响😔,陌上一言
755,7月2日才看[捂脸笑],晨穆晨
756,#狂飙剧评征集#李响追求的是安心，安欣追求的是理想,匿名用户
757,看了外婆的新世界开了vip再看个狂飙，不然浪费vip[捂脸笑],稳拿人心.xm
758,有没有想我一样5月份才开始看的呀？[呲牙][捂脸笑],匿名用户
759,怎么没有办法全屏幕看,随心_qq5147
760,请问充会员后，前面后面都有广告吗,AAA225
761,前天，从头到尾刚看完，今天又开始刷第一集，太想念张颂文老师的演技了.厉害👍,爱吃牛排的侍其灵松
762,我现在才开始看，是不是最晚的[捂脸笑],smm珅珅
763,不想看了，太真实了，心里难受,好看一点的电影
764,"#一句话告别狂飙#饰演警察安心的张译也是一位实力派演员。除了""双张""演""飓风""，吴刚、倪大红等演员也塑造了有血有肉的角色。精湛动人的演技，对细节的把控和展现，让观众深深""入戏""。整部剧没有动用任何流量明星，在宣传营销上也不占优势，却以一个""演技奖""征服了观众",桥～～～☃️
765,我最晚吗,╰★哈哈哈
766,每一个都喜欢. 演技都好.特别是大嫂,瑶瑶瑶瑶呢
767,听别人说这个电视剧好看，我也来看看,洒 脱
768,看来只有我一个五月份开始看,晓摇
769,最晚看这部剧的来报道啦[应援],天子笑分你一坛💚❤️💙
770,2月3号晚上十点打开第一集,喜欢看电视の东门淑然
771,吴刚的脸怎么了，看到太别扭,a李蓉
772,有没有七月份开始追的,匿名用户
773,好生气，那样判案件，又没有摄像头,半径十米
774,重刷 张颂文老师我又来啦！,宇宙漫游小源
775,[666]有没有空闲下来刷第二遍的集美们,晓 宇🎡
776,这种电视剧比偶像剧好看多多多了[色],范困°
777,我想知道大嫂怎么死的？,←￠天道酬勤☆
778,"今天刚刚看
",王铄大猩猩
779,电视剧只有两种:一种《狂飙》，另一种其他[应援][应援][应援],吃不胖爹～
780,有没有跟我一样的   现在才开始看[666][666],爱喝牛奶的拓跋宜人
781,有没有和我一样的，今天才准备开始看。,棋淇淇棋
782,我才是最后才看的[应援][应援],爱吃冰淇凌de尉浅小鱼
783,这个剧的名字应该让很多人误解了[捂脸笑] 幸好全是老戏骨啊,匿名用户
784,爱奇艺同志，这样每天只更两集不过瘾啊，完全是大爽剧啊，戏骨飙戏追的欲罢不能。这部戏应该改名叫:狂飙演技。国产剧应该多推一些这样高质量的剧目，而不是只是一味的流量和小鲜肉。我们更喜欢看戏骨飙戏。,summer Apple💞
785,那满意度到底是怎么来的,男神嫁到
786,#一句话告别狂飙#一个人生 总有数不完的遗憾,喜欢吃橘子的公冶玉龙
787,还没捏呢，他自己就爆了[捂脸笑],道格拉斯路易斯
788,我现在才开始看。你们都是弟弟,马木子✌
789,好不好看这个电视剧剧，今天刚开,魁儿
790,今天才有时间看，最晚的了吧？,今天刚有时间看，我是最晚的了吧？
791,有张译，这剧就不会差……应该值得看！,TanYu☾
792,"#狂飙剧评征集#《狂飙》开播前的几个月，我就对这部剧充满了期待。不说别的，单单看该剧这强大的实力派演员阵容，就不能不让你满怀期待。

《狂飙》开播后，热度一路飙升，收视率和口碑都不错。

从《狂飙》开播，一路追剧到现在，露珠感觉，这部剧的优点和缺点都很鲜明。

整体来说是一部好剧，但剧中许多剧情细节有漏洞，瑕疵多，不能深究，否则会觉得令人难以信服。",逸辰丶
793,忍了这么久，总于有个51小长假可以看了。[666][666][应援][应援],火卢老三
794,重来不爱看这种片子，这个例外，高启强爱了，二刷,心动无声🌟
795,我应该是最晚的一批吧，现在才开始看[捂脸笑],湫9420
796,不是有贾冰吗？ 在哪呢,輕歌传媒
797,这剧情勾的我痒痒,匿名用户
798,张颂文老师真的被发现了！！！[爱心][爱心][爱心],Vincentttt1
799,院长，从罚罪直接串台过来了感觉[捂脸笑],匿名用户
